700
300
3100
2100
1600
2800
2800
2800
2800
2800
2800
2800
2800
2800
2800
2800
2800
2800
2800
2800
2800
2800
2800
2800
2800
2800
2800
2800
2800
2800
2800
2800
2800
2800
2800
2800
2800
2800
2800
2800
2800
2800
2800
2800
2800
2800
2800
2800
2800
2800
2800
2800
2800
2800
2800
2800
2800
2800
2800
2800
2800
2800
2800
2800
2800
2800
2800
2800
2800
2800
2800
2800
2800
2800
2800
0
0
0
0
0
0
0
0
0
0
0
0
0
0
0
0
0
0
0
0
0
0
0
0
0
0
0
0
0
0
0
0
0
0
0
0
0
0
0
0
0
0
0
0
0
0
0
0
0
0
0
0
0
0
0
0
0
0
0
0
0
0
0
0
0
0
0
0
0
0
0
0
0
0
0
0
0
0
0
0
0
0
0
0
0
0
